# Import pandas
import pandas as pd
import matplotlib.pyplot as plt

#H=[1.1,1.1,0.8,0.8,1.1,1.1,0.8,0.8,0.8,1.1,1.1,0.8,0.8,0.8,1.1,1.1,0.8,0.8,1.1,1.1,0.8,0.4,0.8,0.8,1.1,1.1,0.8,0.8,1.1,0.8,1.1,1.1,0.8,1.1,1.1,0.8,1.1,1.1,1.1]
#t=[0,23,26,45.7,47.1,50.5,72,72.5,147,147.7,170.6,171,187.1,187.9,189.5,213.8,216.1,238.9,239,313.8,314.9,333.513,334.747,358.463,361.03,382.063,382.913,411.463,482.88,505.297,507.963,529.58,553.53,555.53,576.98,649.263,651.763,668.897,692.347]
#H=[1,1,1,1,1,1,1,1,1,1,1.1,0.8,0.8,1.1,1.1,0.8,0.8,1.1,1.1,0.8,0.8,1.1,1.1,0.8,0.8,1.1,0.8,1.1,1.1,0.8,0.8]
#t=[0.0,21.1,44.6,48.7,145.0,163.6,165.2,170.4,188.0,212.8,216.9,284.7,286.8,309.8,310.7,333.6,335.0,358.6,358.9,361.2,385.6,386.0,457.3,457.5,481.7,505.8,529.9,531.4,554.2,556.7,625.4]

#H=[1,1,0.8,0.8,1.1,1.1,0.8,0.8,1.1,1.1,0.8,0.8,1.1,1.1,0.8,0.8,1.1,1.1,0.8,0.8,1.1,1.1,0.8,0.8,1.1]
#t=[0,62,62.7,86.3,87.9,111.4,112.4,134.7,134.7,156.2,156.6,181.9,182.5,228.8,229.2,251.9,253.6,278.7,279.3,302.2,302.4,326.6,330.1,421.6,425.3]

H=[1.1,0.8,0.8,0.8,1.1,0.8,1.1,1.1,0.8,0.8,1.1,0.8,1.1,0.8,0.8,0.8,1.1,1.1,1.1,1.1,0.8,0.8,0.8,1.1,0.8,0.8,1.1,1.1,0.8,0.8,1.1,0.8,1.1,0.8,1.1,1.1,0.8,1.1,0.8,1.1,1.1,0.8,1.1,0.8,1.1,1.1,0.8,0.8,1.1,0.8,1.1,0.8,1,0.8,1,0.8,1.1,0.8,1.1,0.8,1.1,0.8,1.1,0.8,1,1,0.8,1,0.8,0.9,1,0.8,1.1,0.8,1.1,0.8]
t=[0.0,49.2,50.5,51.9,67.3,96.9,167.5,223.7,226.7,271.6,280.1,325.3,347.7,395.6,416.0,416.0,423.3,423.5,424.4,439.2,445.2,446.2,487.9,496.0,561.2,583.1,585.0,588.5,655.4,678.1,679.8,703.5,728.4,753.1,823.8,848.1,874.2,896.8,919.5,919.6,922.1,1035.3,1044.1,1063.1,1085.6,1109.7,1111.3,1112.3,1180.9,1205.4,1229.0,1252.9,1277.0,1349.3,1377.3,1424.8,1540.8,1567.0,1687.8,1708.8,1732.7,1756.7,1781.0,1852.9,1876.9,1901.1,1926.8,2020.8,2046.6,2092.9,2116.9,2189.1,2261.0,2357.7,2381.2,2404.8]

plt.plot(t,H,color='black', marker='.', label='12-20 r2')
plt.xlabel('Time (h)')
plt.ylabel('Hydraulic head (m)')
plt.show()
